Metric 1:

'bpRNA_RFAM_23352': [0.0, 0.0]
'bpRNA_RFAM_23366': [0.22857142857142856, 0.38095238095238093]
'bpRNA_RFAM_23381': [0.0, 0.0], 'bpRNA_RFAM_23457': [0.1, 0.3076923076923077]
'bpRNA_RFAM_23457': [0.1, 0.3076923076923077]
'bpRNA_RFAM_23495': [0.27586206896551724, 0.3076923076923077]

Metric 2:

'bpRNA_RFAM_23352': [0.9144736842105263, 0.9788732394366197]
'bpRNA_RFAM_23366': [0.9285714285714286, 0.9558823529411765]
'bpRNA_RFAM_23381': [0.5777777777777777, 0.7878787878787878]
'bpRNA_RFAM_23457': [0.825, 0.9850746268656716]
'bpRNA_RFAM_23495': [1.0, 0.9354838709677419]